4.135727768860349
1.995757536466775
1.69530501043841 
1.3098891891891884
3.170266248037651 
1.334193779652081 
0.26397509081473763 
0.20217107309486754 
0.16078965517241367
0.08717298387096768
0.1493907975460121
0.024063253928028376
0.038633924050632894
0.0003022459893048128
0.3053784711388425
0.0029794412229836587 
0.0017249237029501527 
0.4213002486325209 
0.9301010526315793 
1.548016752843846
3.468205928237127 
4.264100313479622
3.9987609856262747 
5.902941829393611 
3.196223408624226 
1.6578425488180855
1.9149227963525834
1.8964704684317708 
6.540781268882155
3.0730582822085832
0.906346020031628 
0.23321502347417825
0.0014764890282131663 
0.006469510926118627 
0.011504592901878911 
0.06639134466769701 
0.00029376299376299375
0.0026535211267605632 
0.021081048387096776 
0.0002818952618453865 
0.005112361809045226 
0.06699939209726438 
1.5092922766279515 
1.5752963855421676 
4.689872202531629 
2.8021423115577866 
3.358281145113522 
6.023930815109314
3.813568669950721 
2.36831086956521 
2.058743786982247 
3.7746088932806234 
6.319508706345298
3.1804093485827805
0.4735227892875187 
0.05640604838709675 
0.007176231589639411 
0.00734025974025974 
0.051434953464322634 
0.0014389002036659878 
0.008320203045685278 
0.05039270516717322 
7.137147124116957 
2.193883536585338 
0 
0.6016182648401772 
2.5971615537848405 
2.185803965429588 
1.260294293059128 
3.122629787234041 
4.462182288969441 
3.748304946455869 
2.7493480040941596 
1.2685863588667385 
8.936981895182537 
11.145337172236369 
4.462779598145242 
0.8857133126934951 
0.273455323590814 
0.12860304781923265 
0.016884455696202522 
0.005811825192802056 
0.0037373346897253304 
0.0005511457825451 
0.009501440922190203 
0.0016550512445095166 
0

0.032417955112219426 
0.004245368052078116 
0.8357369784172661
2.73206991404011 
7.005193326978002 
10.965255192034023 
12.84615807365426
4.127503389830488 
1.983120564705883 
1.9925966037735838 
3.384541187558895 
1.3467635509628926 
0.6782399999999993 
0.7433463322290564
0.26472067988668535 
0.1147015647226173 
0.0008183397683397682 
0.0039347588264544995 
0.0002821767348976535 
0.004205357142857143 
0.002789733464955577 
0.006403743842364532
0.0005579466929911155 
0 
0.008207711567351025 
0.0005706208985360928 
0.7724495683087858 
2.581963124999997 
2.8656142152023696 
4.756750074294185 
8.375818522167487 
5.5421704035874395 
0.004986196159833939 
0.012877974683544303 
1.3436669017632226 
2.018778461538462 
4.629086529318532 
4.396804303278682 
4.6529829766052755 
4.258379082387763
3.4757443845022022 
2.0272168604651144 
1.9802607681088944 
0.9727461501210649 
0.6756508771929819 
0.5514420268256328 
0.30800545454545436 
0.3553843317972353 
0.13532192307692306 
0.001983157894736842 
0.0062484422110552764 
0.02037511111111111 
0.007171888726207907 
0.007987719298245615 
0.0002813339970134395 
0.0005717754172989378 
4.43177058242843 
4.42250104011885 
1.8126532544378653 
1.952509090909091 
1.1855822485207086 
0.136437306733167 
0.3971139418254761 
0.024051063829787216 
0.00256391129032258 
0.025239739086803808 
0.17817310756972113 
0.015644690488173126 
0.016648857287963413 
0.0035051162790697673 
0 
0.1645848515864887 
0.12502119815668197 
0.3371419454451879 
1.1682189673340362 
3.7528064516128894 
3.9563999999999875
3.3591170291777157 
4.3750884155844 
3.407552446081006
